E:\sqlany\data\service_maintenance.py  > start
LOC: 1, MS: 1, TS: 2014-07-24 22:17:50.265000
GEO: 1, MS: 832, TS: 2014-07-24 22:17:51.824000
LOC: 1, MS: 2, TS: 2014-07-24 22:18:24.020000
GEO: 1, MS: 521, TS: 2014-07-24 22:18:24.597000
LOC: 1, MS: 2, TS: 2014-07-24 22:18:52.523000
GEO: 1, MS: 509, TS: 2014-07-24 22:18:53.607000
LOC: 1, MS: 1, TS: 2014-07-24 22:46:12.129000
GEO: 1, MS: 548, TS: 2014-07-24 22:46:13.026000
