E:\sqlany\data\service_maintenance.py  > start
LOC: 1, MS: 1, TS: 2014-07-23 22:12:06.749000
GEO: 1, MS: 756, TS: 2014-07-23 22:12:08.248000
LOC: 1, MS: 2, TS: 2014-07-23 22:14:48.772000
GEO: 1, MS: 501, TS: 2014-07-23 22:14:50.008000
LOC: 1, MS: 2, TS: 2014-07-23 22:17:15.033000
GEO: 1, MS: 562, TS: 2014-07-23 22:17:16.082000
LOC: 1, MS: 2, TS: 2014-07-23 22:18:01.537000
GEO: 1, MS: 492, TS: 2014-07-23 22:18:02.326000
